0.0
0.004387300948363338
0.008774601896726675
0.013161902845090013
0.01754920379345335
0.02193650474181669
0.026323805690180026
0.030711106638543366
0.0350984075869067
0.03948570853527004
0.04387300948363338
0.04826031043199672
0.05264761138036005
0.057034912328723396
0.06142221327708673
0.06580951422545007
0.0701968151738134
0.07458411612217675
0.07897141707054008
0.08335871801890342
0.08774601896726676
0.09213331991563009
0.09652062086399343
0.10090792181235678
0.1052952227607201
0.10968252370908345
0.11406982465744679
0.11845712560581013
0.12284442655417346
0.1272317275025368
0.13161902845090015
0.13600632939926346
0.1403936303476268
0.14478093129599015
0.1491682322443535
0.15355553319271684
0.15794283414108015
0.1623301350894435
0.16671743603780684
0.17110473698617018
0.17549203793453352
0.17987933888289687
0.18426663983126018
0.18865394077962352
0.19304124172798687
0.1974285426763502
0.20181584362471355
0.2062031445730769
0.2105904455214402
0.21497774646980355
0.2193650474181669
0.22375234836653024
0.22813964931489358
0.23252695026325693
0.23691425121162027
0.24130155215998358
0.24568885310834693
0.25007615405671024
0.2544634550050736
0.25885075595343693
0.2632380569018003
0.2676253578501636
0.27201265879852693
0.2763999597468903
0.2807872606952536
0.285174561643617
0.2895618625919803
0.29394916354034367
0.298336464488707
0.30272376543707036
0.3071110663854337
0.311498367333797
0.3158856682821603
0.3202729692305237
0.324660270178887
0.32904757112725036
0.3334348720756137
0.33782217302397705
0.34220947397234036
0.34659677492070373
0.35098407586906705
0.3553713768174304
0.35975867776579373
0.3641459787141571
0.36853327966252036
0.37292058061088373
0.37730788155924705
0.3816951825076104
0.38608248345597374
0.3904697844043371
0.3948570853527004
0.3992443863010638
0.4036316872494271
0.4080189881977905
0.4124062891461538
0.41679359009451716
0.4211808910428804
0.4255681919912438
0.4299554929396071
0.4343427938879705
0.4387300948363338
0.44311739578469717
0.4475046967330605
0.45189199768142385
0.45627929862978717
0.46066659957815054
0.46505390052651385
0.4694412014748772
0.47382850242324054
0.4782158033716038
0.48260310431996717
0.4869904052683305
0.49137770621669385
0.49576500716505717
0.5001523081134205
0.5045396090617839
0.5089269100101472
0.5133142109585106
0.5177015119068739
0.5220888128552372
0.5264761138036006
0.530863414751964
0.5352507157003272
0.5396380166486906
0.5440253175970539
0.5484126185454172
0.5527999194937806
0.557187220442144
0.5615745213905072
0.5659618223388706
0.570349123287234
0.5747364242355973
0.5791237251839606
0.583511026132324
0.5878983270806873
0.5922856280290507
0.596672928977414
0.6010602299257773
0.6054475308741407
0.6098348318225041
0.6142221327708673
0.6186094337192306
0.622996734667594
0.6273840356159573
0.6317713365643206
0.636158637512684
0.6405459384610473
0.6449332394094107
0.649320540357774
0.6537078413061373
0.6580951422545007
0.6624824432028641
0.6668697441512274
0.6712570450995907
0.6756443460479541
0.6800316469963175
0.6844189479446807
0.6888062488930441
0.6931935498414075
0.6975808507897708
0.7019681517381341
0.7063554526864975
0.7107427536348608
0.7151300545832242
0.7195173555315875
0.7239046564799508
0.7282919574283142
0.7326792583766774
0.7370665593250407
0.7414538602734041
0.7458411612217675
0.7502284621701307
0.7546157631184941
0.7590030640668575
0.7633903650152208
0.7677776659635841
0.7721649669119475
0.7765522678603108
0.7809395688086742
0.7853268697570375
0.7897141707054008
0.7941014716537642
0.7984887726021276
0.8028760735504908
0.8072633744988542
0.8116506754472176
0.816037976395581
0.8204252773439442
0.8248125782923076
0.829199879240671
0.8335871801890343
0.8379744811373976
0.8423617820857608
0.8467490830341242
0.8511363839824876
0.8555236849308508
0.8599109858792142
0.8642982868275776
0.868685587775941
0.8730728887243042
0.8774601896726676
0.881847490621031
0.8862347915693943
0.8906220925177576
0.895009393466121
0.8993966944144843
0.9037839953628477
0.908171296311211
0.9125585972595743
0.9169458982079377
0.9213331991563011
0.9257205001046643
0.9301078010530277
0.9344951020013911
0.9388824029497544
0.9432697038981177
0.9476570048464811
0.9520443057948444
0.9564316067432076
0.960818907691571
0.9652062086399343
0.9695935095882977
0.973980810536661
0.9783681114850243
0.9827554124333877
0.9871427133817511
0.9915300143301143
0.9959173152784777
1.000304616226841
1.0046919171752045
1.0090792181235677
1.0134665190719312
1.0178538200202945
1.0222411209686577
1.0266284219170212
1.0310157228653845
1.0354030238137477
1.0397903247621112
1.0441776257104745
1.048564926658838
1.0529522276072012
1.0573395285555645
1.061726829503928
1.0661141304522912
1.0705014314006545
1.0748887323490177
1.0792760332973812
1.0836633342457445
1.0880506351941077
1.0924379361424712
1.0968252370908345
1.101212538039198
1.1055998389875612
1.1099871399359245
1.114374440884288
1.1187617418326512
1.1231490427810145
1.127536343729378
1.1319236446777412
1.1363109456261047
1.140698246574468
1.1450855475228312
1.1494728484711947
1.153860149419558
1.1582474503679212
1.1626347513162847
1.167022052264648
1.1714093532130114
1.1757966541613747
1.180183955109738
1.1845712560581014
1.1889585570064647
1.193345857954828
1.1977331589031914
1.2021204598515547
1.2065077607999182
1.2108950617482814
1.2152823626966447
1.2196696636450082
1.2240569645933714
1.2284442655417347
1.2328315664900982
1.2372188674384612
1.2416061683868245
1.245993469335188
1.2503807702835512
1.2547680712319147
1.259155372180278
1.2635426731286412
1.2679299740770047
1.272317275025368
1.2767045759737312
1.2810918769220947
1.285479177870458
1.2898664788188214
1.2942537797671847
1.298641080715548
1.3030283816639114
1.3074156826122747
1.311802983560638
1.3161902845090014
1.3205775854573647
1.3249648864057282
1.3293521873540914
1.3337394883024547
1.3381267892508182
1.3425140901991814
1.3469013911475447
1.3512886920959082
1.3556759930442714
1.360063293992635
1.3644505949409982
1.3688378958893614
1.373225196837725
1.3776124977860882
1.3819997987344514
1.386387099682815
1.3907744006311782
1.3951617015795417
1.399549002527905
1.4039363034762682
1.4083236044246317
1.412710905372995
1.4170982063213582
1.4214855072697217
1.425872808218085
1.4302601091664484
1.4346474101148117
1.439034711063175
1.4434220120115384
1.4478093129599017
1.452196613908265
1.4565839148566284
1.4609712158049915
1.4653585167533547
1.4697458177017182
1.4741331186500815
1.478520419598445
1.4829077205468082
1.4872950214951715
1.491682322443535
1.4960696233918982
1.5004569243402615
1.504844225288625
1.5092315262369882
1.5136188271853517
1.518006128133715
1.5223934290820782
1.5267807300304417
1.531168030978805
1.5355553319271682
1.5399426328755317
1.544329933823895
1.5487172347722584
1.5531045357206217
1.557491836668985
1.5618791376173484
1.5662664385657117
1.570653739514075
1.5750410404624384
1.5794283414108017
1.5838156423591652
1.5882029433075284
1.5925902442558917
1.5969775452042552
1.6013648461526184
1.6057521471009817
1.6101394480493452
1.6145267489977084
1.618914049946072
1.6233013508944352
1.6276886518427984
1.632075952791162
1.6364632537395252
1.6408505546878884
1.645237855636252
1.6496251565846152
1.6540124575329787
1.658399758481342
1.6627870594297052
1.6671743603780687
1.671561661326432
1.6759489622747952
1.6803362632231587
1.6847235641715217
1.689110865119885
1.6934981660682484
1.6978854670166117
1.7022727679649752
1.7066600689133384
1.7110473698617017
1.7154346708100652
1.7198219717584284
1.7242092727067917
1.7285965736551552
1.7329838746035184
1.737371175551882
1.7417584765002452
1.7461457774486084
1.750533078396972
1.7549203793453352
1.7593076802936984
1.763694981242062
1.7680822821904252
1.7724695831387887
1.776856884087152
1.7812441850355152
1.7856314859838787
1.790018786932242
1.7944060878806052
1.7987933888289687
1.803180689777332
1.8075679907256954
1.8119552916740587
1.816342592622422
1.8207298935707854
1.8251171945191487
1.829504495467512
1.8338917964158754
1.8382790973642387
1.8426663983126021
1.8470536992609654
1.8514410002093287
1.8558283011576922
1.8602156021060554
1.8646029030544187
1.8689902040027822
1.8733775049511454
1.877764805899509
1.8821521068478722
1.8865394077962354
1.890926708744599
1.8953140096929622
1.8997013106413254
1.904088611589689
1.9084759125380522
1.9128632134864152
1.9172505144347787
1.921637815383142
1.9260251163315054
1.9304124172798687
1.934799718228232
1.9391870191765954
1.9435743201249587
1.947961621073322
1.9523489220216854
1.9567362229700487
1.9611235239184122
1.9655108248667754
1.9698981258151387
1.9742854267635022
1.9786727277118654
1.9830600286602287
1.9874473296085922
1.9918346305569554
1.996221931505319
2.000609232453682
2.0049965334020454
2.009383834350409
2.0137711352987724
2.0181584362471354
2.022545737195499
2.0269330381438624
2.0313203390922254
2.035707640040589
2.0400949409889524
2.0444822419373154
2.048869542885679
2.0532568438340424
2.0576441447824054
2.062031445730769
2.0664187466791324
2.0708060476274954
2.075193348575859
2.0795806495242224
2.083967950472586
2.088355251420949
2.0927425523693124
2.097129853317676
2.101517154266039
2.1059044552144024
2.110291756162766
2.114679057111129
2.1190663580594924
2.123453659007856
2.127840959956219
2.1322282609045824
2.1366155618529454
2.141002862801309
2.1453901637496724
2.1497774646980354
2.154164765646399
2.1585520665947624
2.1629393675431254
2.167326668491489
2.1717139694398524
2.1761012703882154
2.180488571336579
2.1848758722849424
2.189263173233306
2.1936416995797723
2.198020225926239
2.2023987522727055
2.2067772786191724
2.211155804965639
2.2155343313121056
2.219912857658572
2.224291384005039
2.2286699103515053
2.233048436697972
2.2374269630444386
2.2418054893909054
2.246184015737372
2.250562542083838
2.254941068430305
2.2593195947767715
2.2636981211232383
2.2680766474697047
2.2724551738161716
2.276833700162638
2.281212226509105
2.2855907528555712
2.289969279202038
2.2943478055485045
2.2987263318949713
2.3031048582414377
2.307483384587904
2.311861910934371
2.3162404372808374
2.3206189636273042
2.3249974899737706
2.3293760163202375
2.333754542666704
2.3381330690131708
2.342511595359637
2.346890121706104
2.3512686480525704
2.3556471743990373
2.3600257007455037
2.3644042270919705
2.368782753438437
2.3731612797849033
2.37753980613137
2.3819183324778366
2.3862968588243034
2.39067538517077
2.3950539115172367
2.399432437863703
2.40381096421017
2.4081894905566363
2.412568016903103
2.4169465432495696
2.421325069596036
2.425703595942503
2.4300821222889692
2.434460648635436
2.4388391749819025
2.4432177013283694
2.4475962276748358
2.4519747540213026
2.456353280367769
2.460731806714236
2.4651103330607023
2.469488859407169
2.4738673857536355
2.4782459121001024
2.4826244384465688
2.487002964793035
2.491381491139502
2.4957600174859684
2.5001385438324353
2.5045170701789017
2.5088955965253685
2.513274122871835
2.517652649218302
2.522031175564768
2.526409701911235
2.5307882282577014
2.535166754604168
2.5395452809506347
2.5439238072971015
2.548302333643568
2.5526808599900344
2.557059386336501
2.5614379126829676
2.5658164390294345
2.570194965375901
2.5745734917223677
2.578952018068834
2.5833305444153005
2.5877090707617674
2.592087597108234
2.5964661234547006
2.600844649801167
2.605223176147634
2.6096017024941003
2.613980228840567
2.6183587551870335
2.6227372815335004
2.627115807879967
2.6314943342264336
2.6358728605729
2.640251386919367
2.6446299132658333
2.6490084396122997
2.6533869659587666
2.657765492305233
2.6621440186517
2.666522544998166
2.670901071344633
2.6752795976910995
2.6796581240375663
2.6840366503840327
2.6884151767304996
2.692793703076966
2.697172229423433
2.7015507557698992
2.705929282116366
2.7103078084628325
2.714686334809299
2.7190648611557657
2.723443387502232
2.727821913848699
2.7322004401951654
2.7365789665416322
2.7409574928880986
2.7453360192345655
2.749714545581032
2.7540930719274987
2.758471598273965
2.7628501246204316
2.7672286509668984
2.7716071773133653
2.7759857036598317
2.780364230006298
2.784742756352765
2.7891212826992318
2.793499809045698
2.7978783353921646
2.8022568617386314
2.806635388085098
2.8110139144315647
2.815392440778031
2.819770967124498
2.8241494934709643
2.8285280198174307
2.8329065461638976
2.837285072510364
2.841663598856831
2.8460421252032972
2.850420651549764
2.8547991778962305
2.8591777042426973
2.8635562305891638
2.8679347569356306
2.872313283282097
2.8766918096285634
2.8810703359750303
2.885448862321497
2.8898273886679635
2.89420591501443
2.8985844413608968
2.902962967707363
2.90734149405383
2.9117200204002964
2.9160985467467633
2.9204770730932297
2.9248555994396965
2.929234125786163
2.93361265213263
2.937991178479096
2.9423697048255626
2.9467482311720294
2.9511267575184963
2.9555052838649627
2.959883810211429
2.964262336557896
2.9686408629043624
2.9730193892508288
2.9773979155972956
2.9817764419437625
2.986154968290229
2.9905334946366953
2.994912020983162
2.999290547329629
3.0036690736760954
3.0080476000225618
3.0124261263690286
3.016804652715495
3.021183179061962
3.0255617054084283
3.029940231754895
3.0343187581013615
3.0386972844478284
3.043075810794295
3.0474543371407616
3.051832863487228
3.0562113898336944
3.0605899161801613
3.064968442526628
3.0693469688730945
3.073725495219561
3.078104021566028
3.0824825479124947
3.086861074258961
3.0912396006054275
3.0956181269518943
3.0999966532983607
3.104375179644827
3.108753705991294
3.113132232337761
3.1175107586842272
3.1218892850306936
3.1262678113771605
3.130646337723627
3.1350248640700937
3.13940339041656
3.143781916763027
3.1481604431094934
3.1525389694559602
3.1569174958024266
3.1612960221488935
3.16567454849536
3.1700530748418263
3.174431601188293
3.17881012753476
3.1831886538812264
3.187567180227693
3.1919457065741597
3.1963242329206265
3.200702759267093
3.2050812856135593
3.209459811960026
3.2138383383064926
3.218216864652959
3.222595390999426
3.2269739173458927
3.231352443692359
3.2357309700388255
3.2401094963852923
3.244488022731759
3.248866549078225
3.253245075424692
3.257623601771159
3.2620021281176252
3.2663806544640916
3.2707591808105585
3.2751377071570253
3.2795162335034918
3.283894759849958
3.288273286196425
3.292651812542892
3.2970303388893583
3.3014088652358247
3.3057873915822915
3.3101659179287584
3.3145444442752248
3.318922970621691
3.323301496968158
3.3276800233146244
3.332058549661091
3.3364370760075577
3.3408156023540245
3.345194128700491
3.3495726550469573
3.353951181393424
3.358329707739891
3.3627082340863574
3.367086760432824
3.3714652867792907
3.3758438131257575
3.380222339472224
3.3846008658186904
3.388979392165157
3.393357918511624
3.39773644485809
3.402114971204557
3.4064934975510237
3.41087202389749
3.4152505502439565
3.4196290765904234
3.42400760293689
3.4283861292833566
3.432764655629823
3.43714318197629
3.4415217083227567
3.445900234669223
3.4502787610156895
3.4546572873621564
3.459035813708623
3.463414340055089
3.467792866401556
3.4721713927480224
3.476549919094489
3.4809284454409557
3.4853069717874225
3.489685498133889
3.4940640244803554
3.498442550826822
3.502821077173289
3.5071996035197555
3.511578129866222
3.5159566562126887
3.5203351825591556
3.524713708905622
3.5290922352520884
3.533470761598555
3.537849287945022
3.542227814291488
3.546606340637955
3.5509848669844217
3.555363393330888
3.5597419196773545
3.5641204460238214
3.5684989723702882
3.5728774987167546
3.577256025063221
3.581634551409688
3.5860130777561547
3.590391604102621
3.5947701304490876
3.5991486567955544
3.6035271831420213
3.6079057094884877
3.612284235834954
3.616662762181421
3.6210412885278873
3.6254198148743537
3.6297983412208206
3.6341768675672874
3.638555393913754
3.6429339202602202
3.647312446606687
3.651690972953154
3.6560694992996203
3.6604480256460867
3.6648265519925536
3.6692050783390204
3.673583604685487
3.6779621310319532
3.68234065737842
3.686719183724887
3.691097710071353
3.6954762364178197
3.6998547627642866
3.704233289110753
3.7086118154572194
3.7129903418036863
3.717368868150153
3.7217473944966195
3.726125920843086
3.7305044471895528
3.734882973536019
3.7392614998824856
3.7436400262289524
3.7480185525754193
3.7523970789218857
3.756775605268352
3.761154131614819
3.7655326579612853
3.7699111843077517
3.7742897106542186
3.7786682370006854
3.783046763347152
3.7874252896936182
3.791803816040085
3.796182342386552
3.8005608687330183
3.8049393950794848
3.8093179214259516
3.8136964477724185
3.818074974118885
3.8224535004653513
3.826832026811818
3.8312105531582845
3.835589079504751
3.8399676058512178
3.8443461321976846
3.848724658544151
3.8531031848906174
3.8574817112370843
3.861860237583551
3.8662387639300175
3.870617290276484
3.874995816622951
3.8793743429694176
3.883752869315884
3.8881313956623504
3.8925099220088173
3.896888448355284
3.9012669747017505
3.905645501048217
3.910024027394684
3.91440255374115
3.9187810800876166
3.9231596064340835
3.9275381327805503
3.9319166591270167
3.936295185473483
3.94067371181995
3.945052238166417
3.949430764512883
3.9538092908593496
3.9581878172058165
3.9625663435522833
3.9669448698987497
3.971323396245216
3.975701922591683
3.98008044893815
3.984458975284616
3.9888375016310826
3.9932160279775495
3.997594554324016
4.001973080670482
4.006351607016949
4.010730133363416
4.015108659709882
4.019487186056349
4.023865712402816
4.0282442387492825
4.0326227650957485
4.037001291442215
4.041379817788682
4.045758344135148
4.050136870481615
4.054515396828082
4.058893923174548
4.063272449521015
4.0676509758674815
4.072029502213948
4.076408028560415
4.080786554906881
4.085165081253348
4.089543607599815
4.093922133946281
4.098300660292748
4.1026791866392145
4.107057712985681
4.111436239332148
4.115814765678614
4.120193292025081
4.124571818371548
4.128950344718014
4.133328871064481
4.1377073974109475
4.1420859237574135
4.14646445010388
4.150842976450347
4.155221502796814
4.159600029143281
4.163978555489747
4.168357081836214
4.1727356081826805
4.1771141345291465
4.181492660875613
4.18587118722208
4.190249713568546
4.194628239915014
4.19900676626148
4.203385292607947
4.2077638189544135
4.2121423453008795
4.216520871647346
4.220899397993813
4.225277924340279
4.229656450686747
4.234034977033213
4.238413503379679
4.2427920297261466
4.2471705560726125
4.251549082419079
4.255927608765546
4.260306135112012
4.264684661458479
4.269063187804946
4.273441714151412
4.27782024049788
4.2821987668443455
4.286577293190812
4.290955819537279
4.295334345883745
4.299712872230212
4.304091398576679
4.308469924923145
4.312848451269612
4.3172269776160785
4.3216055039625445
4.325984030309011
4.330362556655478
4.334741083001944
4.339119609348412
4.343498135694878
4.347876662041345
4.352255188387812
4.3566337147342775
4.361012241080744
4.365390767427211
4.369769293773677
4.374147820120145
4.378526346466611
