0.0
0.015670354417347335
0.03134070883469467
0.047011063252042
0.06268141766938934
0.07835177208673666
0.094022126504084
0.10969248092143133
0.12536283533877868
0.141033189756126
0.15670354417347332
0.17237389859082064
0.188044253008168
0.20371460742551534
0.21938496184286266
0.23505531626020998
0.25072567067755736
0.2663960250949047
0.282066379512252
0.2977367339295993
0.31340708834694664
0.329077442764294
0.34431004841510765
0.35954265406592134
0.374775259716735
0.3900078653675486
0.40524047101836225
0.42047307666917594
0.4357056823199896
0.4509382879708032
0.4661708936216169
0.48140349927243054
0.49663610492324417
0.5118687105740578
0.5271013162248714
0.5423339218756851
0.5575665275264988
0.5727991331773125
0.588031738828126
0.6032643444789397
0.6184969501297534
0.6337295557805671
0.6489621614313807
0.6641947670821944
0.679427372733008
0.6946599783838217
0.7098925840346353
0.7251251896854489
0.7403577953362626
0.7555904009870762
0.7708230066378898
0.7860556122887036
0.8012882179395171
0.8165208235903308
0.8317534292411446
0.846986034891958
0.8622186405427719
0.8774512461935855
0.8926838518443991
0.9079164574952128
0.9231490631460264
0.93838166879684
0.9536142744476537
0.9688468800984673
0.984079485749281
0.9993120914000946
1.0145446970509082
1.029777302701722
1.0450099083525355
1.0602425140033493
1.075475119654163
1.0907077253049764
1.1059403309557903
1.1211729366066039
1.1364055422574175
1.1516381479082312
1.1668707535590448
1.1821033592098584
1.197335964860672
1.2125685705114857
1.2276300546304793
1.2426915387494728
1.2577530228684664
1.27281450698746
1.2878759911064535
1.302937475225447
1.3179989593444406
1.3330604434634339
1.3481219275824274
1.363183411701421
1.3782448958204145
1.393306379939408
1.4083678640584016
1.4234293481773952
1.4384908322963887
1.4535523164153823
1.4686138005343758
1.4836752846533694
1.498736768772363
1.5137982528913563
1.5288597370103498
1.5439212211293434
1.558982705248337
1.5740441893673305
1.589105673486324
1.6041671576053176
1.6192286417243111
1.6342901258433047
1.6493516099622982
1.6644130940812918
1.6794745782002853
1.694536062319279
1.7095975464382724
1.724659030557266
1.7397205146762595
1.754781998795253
1.7698434829142466
1.7849049670332402
1.7999664511522337
1.815027935271227
1.8300894193902209
1.8451509035092142
1.8602123876282077
1.8752738717472013
1.8903353558661948
1.9053968399851882
1.920458324104182
1.9355198082231755
1.9505812923421688
1.9656427764611626
1.980704260580156
1.9957657446991495
2.010827228818143
2.0258887129371366
2.04095019705613
2.0560116811751237
2.0710731652941172
2.0861346494131108
2.1011961335321043
2.116257617651098
2.1309824697802178
2.1457073219093377
2.1604321740384576
2.1751570261675774
2.1898818782966973
2.2046067304258172
2.2193315825549367
2.2340564346840566
2.2487812868131765
2.2635061389422964
2.2782309910714162
2.292955843200536
2.307680695329656
2.322405547458776
2.337130399587896
2.3518552517170157
2.3665801038461356
2.3813049559752555
2.396029808104375
2.410754660233495
2.4254795123626147
2.4402043644917346
2.4549292166208545
2.4696540687499744
2.4843789208790943
2.499103773008214
2.513828625137334
2.528553477266454
2.543278329395574
2.5580031815246937
2.572728033653813
2.587452885782933
2.6021777379120534
2.616902590041173
2.6316274421702928
2.6463522942994127
2.6610771464285325
2.6758019985576524
2.6905268506867723
2.7052517028158922
2.719976554945012
2.734701407074132
2.7494262592032515
2.764151111332372
2.7788759634614912
2.793600815590611
2.808325667719731
2.823050519848851
2.837775371977971
2.8525002241070907
2.8672250762362106
2.8819499283653305
2.8966747804944504
2.9113996326235703
2.92612448475269
2.9408493368818096
2.95557418901093
2.9702990411400494
2.9850238932691693
2.999748745398289
