0.0
0.01472099421106792
0.02944198842213584
0.04416298263320376
0.05888397684427168
0.0736049710553396
0.08832596526640751
0.10304695947747544
0.11776795368854336
0.13248894789961127
0.1472099421106792
0.1619309363217471
0.17665193053281503
0.19137292474388298
0.20609391895495088
0.22081491316601878
0.2355359073770867
0.25025690158815467
0.26497789579922254
0.27969889001029047
0.2944198842213584
0.3091408784324263
0.32351930242078136
0.3378977264091364
0.3522761503974915
0.36665457438584653
0.38103299837420157
0.3954114223625566
0.40978984635091165
0.42416827033926674
0.4385466943276218
0.4529251183159768
0.46730354230433185
0.4816819662926869
0.496060390281042
0.510438814269397
0.5248172382577521
0.5391956622461072
0.5535740862344621
0.5679525102228172
0.5823309342111722
0.5967093581995273
0.6110877821878824
0.6254662061762374
0.6398446301645925
0.6542230541529475
0.6686014781413026
0.6829799021296576
0.6973583261180126
0.7117367501063676
0.7261151740947227
0.7404935980830778
0.7548720220714329
0.769250446059788
0.783628870048143
0.798007294036498
0.812385718024853
0.8267641420132081
0.8411425660015631
0.8555209899899182
0.8698994139782733
0.8842778379666283
0.8986562619549834
0.9130346859433384
0.9274131099316935
0.9417915339200484
0.9561699579084035
0.9705483818967586
0.9849268058851136
0.9993052298734687
1.0136836538618237
1.0280620778501788
1.0424405018385339
1.0568189258268887
1.071197349815244
1.085575773803599
1.099954197791954
1.1143326217803091
1.128711045768664
1.1430894697570193
1.1573033741442433
1.1715172785314674
1.1857311829186914
1.1999450873059154
1.2141589916931397
1.2283728960803637
1.2425868004675877
1.2568007048548118
1.2710146092420358
1.2852285136292598
1.2994424180164839
1.313656322403708
1.3278702267909321
1.3420841311781562
1.3562980355653802
1.3705119399526042
1.3847258443398283
1.3989397487270523
1.4131536531142763
1.4273675575015004
1.4415814618887244
1.4557953662759484
1.4700092706631724
1.4842231750503967
1.4984370794376207
1.5126509838248448
1.5268648882120688
1.5410787925992928
1.555292696986517
1.569506601373741
1.5837205057609651
1.5979344101481892
1.6121483145354132
1.6263622189226372
1.6405761233098612
1.6547900276970853
1.6690039320843093
1.6832178364715333
1.6974317408587574
1.7116456452459814
1.7258595496332056
1.7400734540204295
1.7542873584076537
1.7685012627948777
1.7827151671821018
1.7969290715693258
1.81114297595655
1.825356880343774
1.839570784730998
1.8537846891182221
1.8679985935054462
1.8822124978926702
1.8964264022798942
1.9106403066671183
1.9248542110543423
1.9390681154415663
1.9532820198287904
1.9674959242160146
1.9817098286032384
1.9959237329904627
2.009822876179206
2.0237220193679493
2.0376211625566922
2.0515203057454356
2.0654194489341786
2.079318592122922
2.093217735311665
2.1071168785004084
2.121016021689152
2.134915164877895
2.148814308066638
2.162713451255381
2.1766125944441246
2.1905117376328676
2.204410880821611
2.2183100240103544
2.2322091671990973
2.2461083103878408
2.2600074535765837
2.273906596765327
2.28780573995407
2.3017048831428135
2.315604026331557
2.3295031695203
2.3434023127090433
2.3573014558977863
2.3712005990865297
2.3850997422752727
2.398998885464016
2.4128980286527595
2.4267971718415025
2.440696315030246
2.454595458218989
2.4684946014077322
2.482393744596475
2.4962928877852186
2.510192030973962
2.524091174162705
2.5379903173514484
2.5518894605401914
2.565788603728935
2.5796877469176778
2.593586890106421
2.6074860332951646
2.6213851764839076
2.635284319672651
2.649183462861394
2.6630826060501374
2.6769817492388803
2.6908808924276237
2.704780035616367
2.71867917880511
2.7325783219938535
2.7464774651825965
2.76037660837134
2.774275751560083
2.7881748947488263
2.8020740379375697
2.8159731811263127
2.829872324315056
