0.0
0.003992670242475969
0.007985340484951938
0.011978010727427909
0.015970680969903877
0.019963351212379844
0.023956021454855817
0.027948691697331787
0.031941361939807754
0.03593403218228372
0.03992670242475969
0.04391937266723566
0.047912042909711634
0.0519047131521876
0.055897383394663575
0.059890053637139534
0.06388272387961551
0.06787539412209148
0.07186806436456744
0.07586073460704341
0.07985340484951937
0.08384607509199536
0.08783874533447132
0.0918314155769473
0.09582408581942327
0.09981675606189923
0.1038094263043752
0.10780209654685116
0.11179476678932715
0.11578743703180311
0.11978010727427907
0.12377277751675506
0.12776544775923102
0.13175811800170698
0.13575078824418296
0.13974345848665892
0.14373612872913488
0.14772879897161087
0.15172146921408683
0.1557141394565628
0.15970680969903875
0.16369947994151474
0.16769215018399072
0.17168482042646668
0.17567749066894264
0.17967016091141863
0.1836628311538946
0.18765550139637055
0.19164817163884654
0.1956408418813225
0.19963351212379846
0.20362618236627442
0.2076188526087504
0.2116115228512264
0.21560419309370232
0.2195968633361783
0.2235895335786543
0.22758220382113023
0.23157487406360622
0.2355675443060822
0.23956021454855814
0.24355288479103412
0.2475455550335101
0.25153822527598607
0.25553089551846203
0.259523565760938
0.26351623600341395
0.26750890624588997
0.2715015764883659
0.2754942467308419
0.27948691697331784
0.28347958721579386
0.28747225745826976
0.2914649277007458
0.29545759794322174
0.2994502681856977
0.30344293842817366
0.3074356086706497
0.3114282789131256
0.3154209491556016
0.3194136193980775
0.3234062896405535
0.3273989598830295
0.33139163012550543
0.33538430036798145
0.3393769706104574
0.34336964085293337
0.3473623110954094
0.3513549813378853
0.35534765158036125
0.35934032182283726
0.3633329920653132
0.3673256623077892
0.3713183325502652
0.3753110027927411
0.37930367303521706
0.3832963432776931
0.38728901352016903
0.391281683762645
0.3952743540051209
0.3992670242475969
0.4032596944900729
0.40725236473254883
0.41124503497502485
0.4152377052175008
0.41923037545997677
0.4232230457024528
0.4272157159449287
0.43120838618740465
0.43520105642988066
0.4391937266723566
0.4431863969148326
0.4471790671573086
0.4511717373997845
0.45516440764226046
0.4591570778847365
0.46314974812721244
0.4671424183696884
0.4711350886121644
0.4751277588546403
0.4791204290971163
0.4831130993395923
0.48710576958206825
0.4910984398245442
0.4950911100670202
0.4990837803094962
0.5030764505519721
0.5070691207944481
0.5110617910369241
0.5150544612794
0.519047131521876
0.5230398017643519
0.5270324720068279
0.531025142249304
0.5350178124917799
0.5390104827342558
0.5430031529767319
0.5469958232192078
0.5509884934616838
0.5549811637041597
0.5589738339466357
0.5629665041891116
0.5669591744315877
0.5709518446740636
0.5749445149165395
0.5789371851590156
0.5829298554014916
0.5869225256439675
0.5909151958864435
0.5949078661289194
0.5989005363713954
0.6028932066138714
0.6068858768563473
0.6108785470988233
0.6148712173412993
0.6188638875837752
0.6228565578262512
0.6268492280687272
0.6308418983112032
0.6348345685536791
0.638827238796155
0.6428199090386311
0.646812579281107
0.650805249523583
0.654797919766059
0.6587905900085349
0.6627832602510109
0.6667639404927587
0.6707446207345065
0.6747253009762543
0.6787059812180021
0.68268666145975
0.6866673417014978
0.6906480219432456
0.6946287021849934
0.6986093824267412
0.702590062668489
0.7065707429102368
0.7105514231519846
0.7145321033937324
0.7185127836354802
0.722493463877228
0.7264741441189759
0.7304548243607237
0.7344355046024715
0.7384161848442193
0.7423968650859671
0.7463775453277149
0.7503582255694627
0.7543389058112105
0.7583195860529583
0.7623002662947063
0.7662809465364541
0.7702616267782019
0.7742423070199497
0.7782229872616975
0.7822036675034453
0.7861843477451931
0.7901650279869409
0.7941457082286887
0.7981263884704366
0.8021070687121843
0.8060877489539322
0.8100684291956799
0.8140491094374278
0.8180297896791756
0.8220104699209234
0.8259911501626712
0.829971830404419
0.8339525106461668
0.8379331908879146
0.8419138711296625
0.8458945513714102
0.8498752316131581
0.853855911854906
0.8578365920966537
0.8618172723384016
0.8657979525801494
0.8697786328218972
0.873759313063645
0.8777399933053929
0.8817206735471406
0.8857013537888884
0.8896820340306363
0.8936627142723841
0.8976433945141319
0.9016240747558797
0.9056047549976275
0.9095854352393753
0.9135661154811232
0.9175467957228709
0.9215274759646188
0.9255081562063665
0.9294888364481144
0.9334695166898622
0.93745019693161
0.9414308771733578
0.9454115574151056
0.9493922376568535
0.9533729178986012
0.957353598140349
0.9613342783820968
0.9653149586238448
0.9692956388655924
0.9732763191073404
0.9772569993490882
0.981237679590836
0.9852183598325838
0.9891990400743316
0.9931797203160794
0.9971604005578272
1.001141080799575
1.0051217610413228
1.0091024412830707
1.0130831215248184
1.0170638017665663
1.021044482008314
1.025025162250062
1.0290058424918098
1.0329865227335575
1.0369672029753054
1.0409478832170531
1.044928563458801
1.0489092437005487
1.0528899239422966
1.0568706041840445
1.0608512844257922
1.06483196466754
1.0688126449092878
1.0727933251510358
1.0767740053927835
1.0807546856345314
1.084735365876279
1.088716046118027
1.0926967263597747
1.0966774066015226
1.1006580868432705
1.1046387670850182
1.1086194473267659
1.1126001275685138
1.1165808078102617
1.1205614880520094
1.124542168293757
1.1285228485355052
1.132503528777253
1.1364842090190006
1.1404648892607485
1.1444455695024962
1.1484262497442441
1.1524069299859918
1.1563876102277397
1.1603682904694876
1.1643489707112353
1.1683296509529832
1.1723103311947312
1.1762910114364789
1.1802716916782265
1.1842523719199745
1.1882330521617224
1.19221373240347
1.1961944126452178
1.2001750928869659
1.2041557731287136
1.2081364533704613
1.2121171336122092
1.2160978138539569
1.2200784940957048
1.2240591743374525
1.2280398545792004
1.2320205348209483
1.236001215062696
1.239981895304444
1.2439625755461916
1.2479432557879395
1.2519239360296872
1.2559046162714351
1.259885296513183
1.2638659767549307
1.2678466569966784
1.2718273372384263
1.2758080174801743
1.279788697721922
1.2837693779636696
1.2877500582054175
1.2917307384471655
1.2957114186889132
1.299692098930661
1.303672779172409
1.3076534594141567
1.3116341396559044
1.3156148198976523
1.3195955001394002
1.3235761803811479
1.3275568606228958
1.3315375408646435
1.3355182211063914
1.339498901348139
1.343479581589887
1.347460261831635
1.3514409420733826
1.3554216223151303
1.3594023025568784
1.3633829827986261
1.3673636630403738
1.3713443432821215
1.3753250235238696
1.3793057037656173
1.383286384007365
1.387267064249113
1.3912477444908609
1.3952284247326086
1.3992091049743565
1.4031897852161042
1.407170465457852
1.4111511456995998
1.4151318259413475
1.4191125061830956
1.4230931864248433
1.427073866666591
1.431054546908339
1.4350352271500868
1.4390159073918345
1.4429965876335822
1.44697726787533
1.450957948117078
1.4549386283588257
1.4589193086005736
1.4628999888423213
1.4668806690840692
1.470861349325817
1.4748420295675648
1.4788227098093127
1.4828033900510604
1.4867840702928081
1.4907647505345563
1.494745430776304
1.4987261110180516
1.5027067912597996
1.5066874715015475
1.5106681517432952
1.5146488319850429
1.5186295122267908
1.5226101924685387
1.5265908727102864
1.5305715529520343
1.534552233193782
1.53853291343553
1.5425135936772776
1.5464942739190255
1.5504749541607734
1.554455634402521
1.5584363146442688
1.562416994886017
1.5663976751277646
1.5703783553695123
1.5743590356112602
1.5783397158530081
1.5823203960947558
1.5863010763365035
1.5902817565782514
1.5942624368199994
1.598243117061747
1.602223797303495
1.6062044775452426
1.6101851577869906
1.6141658380287383
1.618146518270486
1.622127198512234
1.6261078787539818
1.6300885589957295
1.6340692392374776
1.6380499194792253
1.642030599720973
1.646011279962721
1.6499919602044686
1.6539726404462165
1.6579533206879642
1.661934000929712
1.66591468117146
1.6698953614132077
1.6738760416549556
1.6778567218967033
1.6818374021384512
1.685818082380199
1.6897987626219468
1.6937794428636945
1.6977601231054424
1.7017408033471901
1.705721483588938
1.7097021638306857
1.7136828440724337
1.7176635243141813
1.7216442045559293
1.7256248847976772
1.7296055650394249
1.7335862452811728
1.7375669255229207
1.7415476057646684
1.7455282860064163
1.749508966248164
1.753489646489912
1.7574703267316596
1.7614510069734075
1.7654316872151552
1.769412367456903
1.7733930476986508
1.7773737279403987
1.7813544081821464
1.7853350884238943
1.789315768665642
1.79329644890739
1.7972771291491378
1.8012578093908855
1.8052384896326334
1.8092191698743814
1.813199850116129
1.817180530357877
1.8211612105996247
1.8251418908413723
1.8291225710831203
1.833103251324868
1.8370839315666159
1.8410646118083636
1.8450452920501115
1.8490259722918594
1.853006652533607
1.856987332775355
1.8609680130171027
1.8649486932588506
1.8689293735005985
1.8729100537423462
1.8768907339840941
1.8808714142258418
1.8848520944675897
1.8888327747093374
1.8928134549510853
1.896794135192833
1.900774815434581
1.9047554956763286
1.9087361759180765
1.9127168561598242
1.9166975364015721
1.92067821664332
1.9246588968850677
1.9286395771268157
1.9326202573685634
1.9366009376103113
1.9405816178520592
1.9445622980938069
1.9485429783355548
1.9525236585773025
1.9565043388190504
1.960485019060798
1.9644656993025458
1.9684463795442937
1.9724270597860414
1.9764077400277893
1.9803884202695372
1.984369100511285
1.9883497807530328
1.9923304609947807
1.9963111412365284
2.0002918214782763
2.004272501720024
2.0082531819617717
2.01223386220352
2.0162145424452675
2.0201952226870152
2.024175902928763
2.028156583170511
2.0321372634122588
2.0361179436540064
2.0400986238957546
2.0440793041375023
2.04805998437925
2.0520406646209977
2.056021344862746
2.0600020251044935
2.063982705346241
2.067963385587989
2.071944065829737
2.0759247460714847
2.0799054263132324
2.0838861065549805
2.087866786796728
2.091847467038476
2.0958281472802236
2.0998088275219717
2.1037895077637194
2.107770188005467
2.1117508682472153
2.115731548488963
2.1197122287307106
2.1236929089724583
2.1276735892142065
2.131654269455954
2.135634949697702
2.1396156299394495
2.1435963101811977
2.1475769904229454
2.151557670664693
2.1555383509064407
2.159519031148189
2.1634997113899366
2.1674803916316843
2.1714610718734324
2.17544175211518
2.179422432356928
2.1834031125986755
2.1873837928404236
2.1913644730821713
2.195345153323919
2.199325833565667
2.203306513807415
2.2072871940491625
2.21126787429091
2.2152485545326583
2.219229234774406
2.2232099150161537
2.2271905952579014
2.2311712754996496
2.2351519557413972
2.239132635983145
2.243113316224893
2.2470939964666408
2.2510746767083885
2.255055356950136
2.2590360371918843
2.263016717433632
2.2669973976753797
2.2709780779171274
2.2749587581588755
2.278939438400623
2.282920118642371
2.286900798884119
2.2908814791258667
2.2948621593676144
2.298842839609362
2.3028235198511102
2.306804200092858
2.3107848803346056
2.3147655605763537
2.3187462408181014
2.322726921059849
2.326707601301597
2.330688281543345
2.3346689617850926
2.3386496420268403
2.342630322268588
2.346611002510336
2.350591682752084
2.3545723629938315
2.3585530432355792
2.3625337234773274
2.366514403719075
2.3704950839608228
2.374475764202571
2.3784564444443186
2.3824371246860663
2.386417804927814
2.390398485169562
2.39437916541131
2.3983598456530575
2.4023405258948056
2.4063212061365533
2.410301886378301
2.4142825666200487
2.418263246861797
2.4222439271035445
2.426224607345292
2.4302052875870404
2.434185967828788
2.4381666480705357
2.4421473283122834
2.4461280085540316
2.4501086887957793
2.454089369037527
2.458070049279275
2.4620507295210228
2.4660314097627705
2.470012090004518
2.4739927702462663
2.477973450488014
2.4819541307297617
2.4859348109715094
2.4899154912132575
2.493896171455005
2.497876851696753
2.5018575319385006
2.5058382121802487
2.5098188924219964
2.513799572663744
2.5177802529054922
2.52176093314724
2.5257416133889876
2.5297222936307353
2.5337029738724834
2.537683654114231
2.541664334355979
2.545645014597727
2.5496256948394747
2.5536063750812223
2.55758705532297
2.561567735564718
2.565548415806466
2.5695290960482136
2.5735097762899612
2.5774904565317094
2.581471136773457
2.5854518170152048
2.5894324972569525
2.5934131774987006
2.5973938577404483
2.601374537982196
2.605355218223944
2.609335898465692
2.6133165787074395
2.617297258949187
2.6212779391909353
2.625258619432683
2.6292392996744307
2.633219979916179
2.6372006601579265
2.6411813403996742
2.645162020641422
2.6491427008831696
2.6531233811249177
2.6571040613666654
2.6610847416084136
2.6650654218501613
2.669046102091909
2.6730267823336566
2.6770074625754043
2.6809881428171525
2.6849688230589
2.688949503300648
2.692930183542396
2.6969108637841437
2.7008915440258914
2.704872224267639
2.7088529045093868
2.712833584751135
2.716814264992883
2.7207949452346307
2.7247756254763784
2.728756305718126
2.732736985959874
2.736717666201622
2.7406983464433696
2.7446790266851173
2.748659706926865
2.752640387168613
2.756621067410361
2.7606017476521085
2.764582427893856
2.7685631081356044
2.772543788377352
2.7765244686191
2.780505148860848
2.7844858291025956
2.7884665093443433
2.792447189586091
2.796427869827839
2.8004085500695868
2.8043892303113345
2.8083699105530826
2.8123505907948303
2.816331271036578
2.8203119512783257
2.824292631520074
2.8282733117618215
2.832253992003569
2.8362346722453173
2.840215352487065
2.8441960327288127
2.8481767129705604
2.852157393212308
2.8561380734540562
2.860118753695804
2.864099433937552
2.8680801141792998
2.8720607944210474
2.876041474662795
2.880022154904543
2.884002835146291
2.8879835153880387
2.8919641956297863
2.8959448758715345
2.899925556113282
2.90390623635503
2.9078869165967776
2.9118675968385253
2.9158482770802734
2.9198289573220215
2.923809637563769
2.927790317805517
2.9317709980472646
2.9357516782890123
2.9397323585307604
2.943713038772508
2.947693719014256
2.9516743992560035
2.9556550794977516
2.9596357597394993
2.963616439981247
2.9675971202229947
2.971577800464743
2.9755584807064905
2.9795391609482387
2.9835198411899864
2.987500521431734
2.9914812016734817
2.9954618819152294
2.9994425621569776
3.0034232423987253
3.0074039226404734
3.011384602882221
3.015365283123969
3.0193459633657165
3.023326643607464
3.027307323849212
3.03128800409096
3.0352686843327077
3.039249364574456
3.0432300448162035
3.047210725057951
3.051191405299699
3.0551720855414466
3.0591527657831947
3.063133446024943
3.0671141262666906
3.0710948065084382
3.075075486750186
3.0790561669919336
3.0830368472336813
3.0870175274754295
3.090998207717177
3.094978887958925
3.098959568200673
3.1029402484424207
3.1069209286841684
3.110901608925916
3.1148822891676637
3.118862969409412
3.12284364965116
3.1268243298929077
3.1308050101346554
3.134785690376403
3.138766370618151
3.142747050859899
3.1467277311016466
3.1507084113433943
3.1546890915851424
3.15866977182689
3.162650452068638
3.1666311323103855
3.170611812552133
3.1745924927938813
3.178573173035629
3.182553853277377
3.186534533519125
3.1905152137608725
3.1944958940026202
3.198476574244368
3.202457254486116
3.2064379347278638
3.210418614969612
3.2143992952113596
3.2183799754531073
3.222360655694855
3.2263413359366027
3.2303220161783504
3.2343026964200985
3.238283376661846
3.2422640569035943
3.246244737145342
3.2502254173870897
3.2542060976288374
3.258186777870585
3.262167458112333
3.2661481383540814
3.270128818595829
3.2741094988375767
3.2780901790793244
3.282070859321072
3.28605153956282
3.2900322198045675
3.2940129000463156
3.2979935802880633
3.3019742605298115
3.305954940771559
3.309935621013307
3.3139163012550545
3.317885063292486
3.321853825329917
3.325822587367348
3.3297913494047795
3.3337601114422104
3.3377288734796418
3.341697635517073
3.345666397554504
3.3496351595919354
3.3536039216293667
3.3575726836667976
3.361541445704229
3.3655102077416603
3.3694789697790912
3.3734477318165226
3.377416493853954
3.381385255891385
3.385354017928816
3.3893227799662475
3.3932915420036784
3.39726030404111
3.401229066078541
3.405197828115972
3.4091665901534034
3.4131353521908347
3.4171041142282657
3.421072876265697
3.4250416383031284
3.4290104003405593
3.4329791623779906
3.436947924415422
3.440916686452853
3.444885448490284
3.4488542105277156
3.4528229725651465
3.456791734602578
3.460760496640009
3.46472925867744
3.4686980207148714
3.472666782752303
3.4766355447897337
3.480604306827165
3.4845730688645964
3.4885418309020273
3.4925105929394586
3.49647935497689
3.500448117014321
3.5044168790517523
3.5083856410891836
3.5123544031266145
3.516323165164046
3.520291927201477
3.524260689238908
3.5282294512763395
3.532198213313771
3.5361669753512017
3.540135737388633
3.5441044994260644
3.5480732614634953
3.5520420235009267
3.556010785538358
3.559979547575789
3.5639483096132203
3.5679170716506516
3.5718858336880825
3.575854595725514
3.5798233577629452
3.5837921198003766
3.5877608818378075
3.591729643875239
3.5956984059126698
3.599667167950101
3.6036359299875325
3.607604692024964
3.6115734540623947
3.615542216099826
3.6195109781372574
3.6234797401746883
3.6274485022121197
3.6314172642495506
3.635386026286982
3.6393547883244133
3.6433235503618446
3.6472923123992755
3.651261074436707
3.6552298364741382
3.659198598511569
3.6631673605490005
3.6671361225864314
3.6711048846238628
3.675073646661294
3.6790424086987255
3.6830111707361564
3.6869799327735877
3.690948694811019
3.69491745684845
3.6988862188858813
3.7028549809233127
3.7068237429607436
3.710792504998175
3.714761267035606
3.718730029073037
3.7226987911104685
3.7266675531479
3.730636315185331
3.734605077222762
3.7385738392601935
3.7425426012976244
3.7465113633350557
3.750480125372487
3.754448887409918
3.7584176494473494
3.7623864114847807
3.7663551735222116
3.770323935559643
3.7742926975970743
3.778261459634505
3.7822302216719366
3.786198983709368
3.790167745746799
3.79413650778423
3.7981052698216615
3.8020740318590924
3.806042793896524
3.810011555933955
3.813980317971386
3.8179490800088174
3.8219178420462487
3.8258866040836796
3.829855366121111
3.8338241281585423
3.8377928901959732
3.8417616522334046
3.845730414270836
3.849699176308267
3.853667938345698
3.8576367003831296
3.8616054624205605
3.865574224457992
3.869542986495423
3.873511748532854
3.8774805105702854
3.8814492726077168
3.8854180346451477
3.889386796682579
3.8933555587200104
3.8973243207574413
3.9012930827948726
3.905261844832304
3.909230606869735
3.9131993689071662
3.9171681309445976
3.9211368929820285
3.92510565501946
3.929074417056891
3.933043179094322
3.9370119411317535
3.940980703169185
3.9449494652066157
3.948918227244047
3.9528869892814784
3.9568557513189093
3.9608245133563407
3.964793275393772
3.968762037431203
3.9727307994686343
3.9766995615060656
